65,76,21,66,80,28,75,36,61,71,57,87,73,21,57,86,73,39,85,76,58,69,64,47,38,28,62,68,69,74,60,66,68,88,91,62,23,84,69,72,77,36,71,51,19,69,25,85,89,65,25,78,82,30,21,17,20,16,67,66,80,15,15,55,59,70,15,58,16,16,19,15,15,15,15,19,54,88,81,70,65,88,15,15,15,15,33,85,15,101,15,71,55,51,15,15,15,171,55,72,50,29,48,15,17,59,95,91,15,15,71,52,21,15,16,87,53,15,29,15,49,34,56,15,15,15,87,98,32,55,15,35,17,62,69,77,15,15,15,15,15,60,55,59,26,119,52,19,46,127,29,15,19,38,45,50,15,15,45,45,55,57,82,15,15,16,79,21,15,15,15,15,15,15,57,55,50,81,58,85,65,15,15,15,15,15,15,59,51,58,23,20,15,15,15,45,55,55,83,76,33,26,15,57,51,73,34,15,91,64,85,48,78,55,65,31,17,15,15,15,71,29,23,15,15,15,16,19,17,15,48,75,34,84,66,36,15,15,27,81,55,81,15,15,15,111,70,35,15,15,18,40,22,93,15,15,15,82,72,57,34,54,45,96,55,50,55,109,17,77,25,15,15,15,15,15,15,59,48,65,33,83,153,18,15,15,81,57,23,26,15,15,53,55,55,55,91,21,23,15,15,15,17,15,58,68,84,91,72,21,25,27,35,15,48,27,55,104,85,89,15,15,15,15,15,15,15,15,84,69,79,68,54,97,17,61,55,52,15,15,15,127,55,55,58,30,16,29,15,15,15,15,15,15,15,51,57,63,78,75,59,59,84,52,47,15,87,41,15,102,15,15,15,15,15,17,73,18,120,61,56,80,78,55,103,60,20,15,15,133,55,55,25,23,18,15,15,15,15,15,16,15,19,84,89,55,85,64,60,52,48,17,73,64,80,29,16,15,15,15,15,15,15,19,15,15,59,55,91,34,15,15,113,72,55,71,15,15,15,15,15,15,15,67,55,55,68,59,50,15,15,15,15,15,15,59,108,15,72,57,51,20,19,70,126,138,63,20,15,15,15,15,17,15,15,15,15,57,73,55,45,15,15,15,34,15,78,130,49,85,15,28,19,15,65,55,55,50,16,67,15,20,21,51,15,15,46,18,67,17,90,15,15,15,71,53,61,56,45,20,15,69,84,73,15,15,15,15,15,15,83,73,55,81,15,15,15,61,44,80,81,101,15,15,15,15,15,15,16,15,15,67,47,140,51,55,56,67,82,15,15,45,33,86,45,15,23,48,47,57,56,85,15,15,15,15,15,15,15,15,15,98,71,55,77,15,28,61,55,66,75,76,55,57,15,15,15,15,15,15,15,15,15,15,15,55,83,72,55,64,54,52,91,15,72,31,21,15,24,26,82,16,70,15,61,114,39,15,16,76,17,96,55,20,16,15,15,109,55,73,67,55,96,15,15,15,15,15,15,15,15,15,27,29,47,15,15,114,55,55,77,45,53,101,36,15,21,36,21,15,16,15,42,15,35,15,63,56,45,88,116,15,15,15,21,72,41,17,15,15,15,15,15,34,88,93,55,55,55,15,61,40,90,48,72,15,15,62,17,15,17,15,69,55,55,56,45,52,55,68,66,33,28,29,18,15,15,15,56,51,54,77,59,37,145,15,15,15,15,37,73,73,55,74,55,51,109,39,15,15,15,41,76,73,44,15,15,15,15,15,79,55,55,63,59,64,35,15,17,32,60,52,18,15,15,15,15,38,69,48,76,119,91,15,15,15,15,15,15,15,15,15,97,23,66,69,59,61,73,26,81,74,15,15,15,84,82,15,15,27,15,51,55,55,48,45,108,163,44,15,27,32,82,36,35,15,16,115,72,75,15,15,15,15,15,15,51,91,31,70,55,48,103,55,55,79,15,15,15,109,53,83,15,73,55,55,53,45,43,93,52,192,62,15,15,28,15,17,15,127,85,16,61,16,15,15,15,15,15,15,80,15,16,15,15,79,74,57,55,55,55,70,39,15,15,15,79,85,124,55,56,70,93,62,59,17,78,15,105,15,15,15,19,15,15,15,15,107,52,32,59,36,20,15,19,15,15,15,15,19,49,75,15,15,17,29,15,73,80,55,55,55,67,40,15,15,51,69,25,58,91,86,67,91,26,39,
86,58,51,82,32,67,
20,77,74,65,109,77,74,79,31,105,43,61,80,54,60,27,39,100,33,79,73,56,23,34,74,97,111,31,25,118,116,119,255,34,70,71,49,85,89,83,82,76,19,64,29,81,67,63,87,62,97,70,65,95,65,19,76,44,72,21,70,58,72,76,55,88,68,78,49,26,68,52,82,87,74,51,66,37,92,39,60,100,25,69,73,58,29,98,70,42,15,24,68,17,55,17,25,16,
79,21,89,82,61,23,71,77,36,25,106,20,70,53,73,77,108,87,
73,44,74,18,59,99,55,67,107,
87,72,48,53,80,69,96,94,72,78,18,91,123,45,47,139,84,
23,22,74,80,
58,60,40,146,77,106,49,46,94,73,20,82,33,96,19,72,79,31,35,25,66,71,21,101,91,20,55,19,87,65,79,111,72,33,22,55,30,42,88,92,27,17,63,73,44,41,83,17,105,64,34,26,66,41,15,57,18,20,20,75,20,17,15,16,15,17,29,37,15,17,28,15,56,105,62,77,90,96,72,59,76,108,72,96,97,78,118,192,134,80,20,17,16,16,15,15,15,15,15,15,15,15,15,15,15,15,15,15,15,15,15,15,15,15,15,15,15,15,15,15,15,15,15,15,15,15,15,15,15,15,15,15,15,15,15,15,15,15,15,15,15,15,17,17,15,15,15,15,15,18,16,16,22,18,19,18,48,17,17,17,18,27,15,18,18,16,18,24,15,17,16,17,15,16,26,17,16,23,17,16,16,16,15,24,24,17,15,18,18,16,15,15,21,34,16,16,17,18,15,17,20,15,19,15,17,15,15,16,18,15,18,18,18,18,21,35,15,15,17,15,16,15,18,18,18,15,16,18,15,15,15,17,18,15,19,18,16,15,21,18,15,17,18,18,15,19,16,18,
76,27,79,106,35,88,116,73,71,61,86,37,101,52,90,82,40,79,68,73,70,61,78,79,81,77,27,27,65,59,60,18,71,73,37,57,65,85,25,69,25,85,73,85,49,116,73,88,31,47,59,20,111,19,36,40,21,
88,82,86,83,76,69,78,31,77,116,47,53,79,44,19,36,80,77,88,66,81,86,16,74,99,66,82,63,128,78,110,120,84,36,111,
63,59,27,82,96,84,47,92,47,56,81,67,29,45,84,43,18,46,65,101,73,94,21,68,113,64,55,82,94,87,77,131,88,61,73,22,80,43,41,71,39,63,96,69,27,91,41,84,75,67,15,74,74,63,15,84,57,51,32,16,65,15,97,42,65,103,80,85,15,17,17,73,69,25,51,19,15,67,26,59,80,76,52,35,19,25,76,69,68,47,39,15,15,61,77,36,60,56,31,111,62,114,73,35,15,53,79,55,55,55,55,115,55,55,59,19,51,15,58,15,18,68,56,82,26,15,15,43,61,55,56,19,15,15,15,100,84,15,55,48,60,83,99,68,39,52,27,15,16,15,15,85,78,103,55,79,65,60,29,56,42,15,85,25,15,26,105,67,94,23,15,55,62,23,33,18,15,43,64,46,15,15,21,70,71,17,25,15,19,15,40,58,52,15,48,81,27,15,15,15,66,48,26,15,53,63,79,55,61,115,15,84,41,46,15,17,49,72,27,15,66,80,69,15,39,44,47,57,82,21,16,89,69,97,84,17,54,39,15,15,15,59,35,46,22,38,15,63,103,45,57,79,55,75,56,77,18,83,63,30,21,15,64,37,27,73,16,15,40,36,15,45,66,46,15,79,15,85,24,103,50,55,39,26,24,15,97,61,60,73,15,16,15,15,15,59,17,70,99,55,61,91,66,48,69,68,21,15,21,45,64,55,73,19,88,69,15,25,77,21,45,32,58,34,74,92,68,48,33,17,18,15,15,15,47,16,97,15,15,68,15,48,73,57,74,16,62,75,63,74,76,26,15,82,107,63,17,91,15,37,36,15,62,57,15,61,15,15,15,15,71,55,85,64,25,32,53,85,51,55,77,16,15,15,17,29,50,60,55,23,15,15,73,75,46,16,64,54,78,85,39,67,73,24,89,80,49,23,16,54,65,52,33,90,15,73,21,15,18,44,78,16,50,88,84,58,15,15,15,15,16,15,25,57,51,29,56,58,15,15,55,55,43,15,82,73,86,55,55,55,33,53,18,97,21,15,93,55,35,50,99,51,15,15,15,45,59,55,57,102,61,60,18,36,15,15,15,15,76,31,15,19,61,56,101,76,39,59,32,15,54,26,19,62,51,55,55,86,81,57,15,15,15,25,50,56,55,63,94,47,57,39,50,15,15,74,72,52,32,24,32,15,15,37,66,38,15,15,15,62,29,79,50,17,64,19,62,21,91,83,54,73,23,75,77,77,15,15,15,15,15,53,91,84,72,87,71,55,29,34,52,19,19,15,94,78,15,84,65,46,39,23,82,57,77,15,15,16,82,72,28,15,17,23,15,52,52,76,65,90,143,15,30,73,47,23,75,24,74,59,35,19,15,15,15,29,15,17,64,67,56,15,15,15,54,18,18,54,80,58,102,73,21,15,64,75,15,96,31,43,16,15,15,52,15,45,15,21,56,58,55,72,72,70,29,73,113,134,15,15,15,34,61,32,15,15,91,15,15,15,80,66,29,35,72,66,53,15,76,25,103,55,55,23,15,15,15,85,54,15,15,25,20,65,78,32,81,97,69,83,62,37,95,15,18,15,31,50,62,88,25,15,15,15,15,15,75,15,60,45,21,51,70,76,60,75,76,85,15,59,25,15,79,45,44,15,69,44,58,40,15,44,34,88,60,27,82,81,55,47,15,84,15,75,81,67,51,62,15,15,68,63,68,55,64,73,15,27,92,61,57,59,65,73,15,15,
